1 10
100 200
201 210
900 1000
100 22
66 15
92 24
35 11
49 47
68 17
86 84
44 43
41 74
8 64
20 25
22 44
65 44
92 68
60 14
49 30
64 35
30 31
29 14
85 31
43 45
48 43
100 75
28 52
27 28
59 56
86 50
7 90
91 59
16 30
8 52
18 91
74 84
57 10
35 49
90 47
66 66
24 95
43 17
39 37
36 95
55 53
46 64
34 44
2 58
64 46
5 77
86 9
48 10
47 42
92 66
43 17
36 28
76 7
18 31
56 6
21 61
69 43
4 2
89 71
44 42
42 11
40 43
96 94
72 5
21 49
59 36
17 63
73 76
24 78
13 78
69 92
62 79
70 9
77 91
38 44
34 11
6 38
99 77
53 64
90 2
34 88
20 30
25 7
84 88
24 15
79 40
19 87
36 41
50 56
38 28
47 87
64 26
43 87
40 5
69 5
14 97
57 84
42 62
31 44
88 44
24 62
99 45
59 12
88 8
79 32
90 99
21 67
94 82
36 90
1 12
34 42
35 13
100 63
21 27
8 83
44 34
56 22
42 33
24 52
60 17
14 60
14 6
52 29
50 98
95 65
76 70
72 45
31 38
72 91
58 37
72 85
19 14
78 96
50 35
3 42
4 40
94 57
38 51
57 20
6 61
59 83
8 86
75 51
64 87
73 9
26 6
95 62
20 20
82 66
61 42
23 9
45 30
42 21
18 19
20 26
2 68
31 34
93 2
42 75
23 21
76 92
84 15
80 42
61 42
70 92
95 80
2 40
38 60
61 63
82 17
78 52
43 8
85 72
49 95
67 41
34 63
88 1
20 87
58 21
87 71
68 19
18 12
59 17
32 55
63 11
17 92
65 25
25 91
6 95
19 71
55 91
26 32
7 23
39 27
51 68
70 5
61 17
42 6
36 5
570 564
940 584
948 727
888 516
673 879
501 984
908 774
764 748
757 771
816 921
527 787
799 875
565 933
765 963
813 656
953 596
789 833
762 872
547 790
744 746
678 806
712 608
593 765
634 691
829 694
729 622
787 727
696 862
953 1000
847 990
613 937
964 923
787 964
728 636
589 678
503 792
917 828
569 943
552 718
906 732
589 815
921 584
896 625
537 916
818 708
987 663
836 927
752 595
567 849
827 632
957 913
814 626
981 817
870 657
812 825
866 763
811 678
981 654
626 964
749 851
952 782
598 946
931 908
679 538
862 661
541 612
687 845
977 849
818 716
751 937
733 610
816 505
702 916
760 947
533 765
900 827
898 533
720 966
613 688
848 817
886 927
869 680
871 752
960 506
917 682
844 786
647 529
948 980
945 957
921 584
789 555
886 574
959 791
656 902
647 723
997 729
511 593
641 525
970 749
941 765
645 567
689 755
777 592
577 676
748 672
908 790
991 679
661 859
806 511
678 611
830 599
842 1000
767 971
694 936
791 700
761 639
535 838
608 765
775 531
847 654
646 763
826 830
521 956
918 573
945 741
628 630
943 828
576 600
683 507
618 605
949 531
791 708
713 908
537 930
548 741
716 661
580 775
851 576
848 523
570 539
574 908
542 761
691 617
966 806
775 562
786 810
695 793
647 717
843 575
763 528
580 974
927 707
841 694
700 578
809 554
585 742
700 810
647 769
936 778
598 890
884 681
718 927
858 945
736 642
909 845
753 880
618 709
641 657
810 671
968 582
732 768
604 884
900 918
834 678
664 554
681 534
873 991
659 766
565 884
626 519
750 845
797 904
718 933
830 524
765 716
850 591
626 1000
833 981
567 930
526 542
792 897
538 913
680 677
519 982
849 914
996 699
984 829
688 572
640 958
872 720
8270 4639
4237 7290
4877 7655
8017 4810
2902 3912
8300 6760
6067 7164
6270 3618
7917 3463
7135 6118
6205 6584
3480 5291
4095 6572
7825 7460
6594 5489
5499 8104
6682 6703
3973 8382
5745 8596
4971 8829
3232 4161
8936 6383
3868 2772
3858 6032
5556 5475
3377 3635
8524 6768
7703 8411
3088 5055
3199 4469
4256 4011
2686 8609
7652 8770
7171 4301
3283 8422
3001 4425
4627 3931
8096 8388
5583 5698
4951 4563
5984 8865
7609 4479
5063 8782
6655 6243
8767 8021
2977 7047
5963 6891
3870 8567
5986 6494
5307 3384
5446 5057
5951 3983
4426 6862
3810 8672
4905 3898
6336 7740
6525 5782
3736 3098
4325 5779
5053 6625
8047 6529
8827 5782
5243 7495
5642 4002
8491 2922
2866 7443
8299 3327
6531 4815
8626 5312
6086 6070
2503 7678
8930 7936
8966 7754
2592 7890
8498 5764
8062 4514
5312 3076
6019 3509
5062 6291
8858 5741
5711 5334
3223 8937
3778 8285
4220 2757
5191 6128
6964 8799
2596 2874
6362 6189
5156 3266
2896 3895
2674 6330
7984 6196
7397 3616
8800 8125
2931 6064
7156 8358
5536 5380
7090 6533
3414 6543
8718 6763
7673 2922
5859 6110
3207 3551
4881 7690
6246 5532
3617 8847
3844 4164
5374 4569
8836 8476
4346 5136
5124 8864
5155 8554
6365 5309
4141 6933
8676 4319
8082 3075
7298 4639
5919 6681
7975 5171
8656 8476
3320 5417
3984 3466
7891 8096
5581 2856
7056 6335
8057 5744
8448 2942
8742 8196
4891 3680
7051 5814
6853 2565
2772 4169
8431 4710
6305 5029
3092 2918
4135 6334
7909 6309
8490 3003
4657 4632
2651 7238
8656 5708
7935 3522
6143 4023
6712 5717
2592 8886
8482 4962
3855 5960
6318 7673
6932 4729
6907 5065
2950 8779
6019 3976
8909 3876
5975 4751
7953 4729
2991 5159
3751 6557
3670 4169
5835 4641
6402 4451
7699 5978
5143 6124
6947 5554
4785 5594
2677 8913
5672 3511
6889 6998
6395 3974
7112 7629
2900 4849
4472 5142
7886 6293
6318 8167
7661 4440
3917 8602
8165 5511
6465 5822
2724 8895
4148 3018
5141 4251
4658 7472
7430 5144
2553 2699
7828 5422
3212 8664
2744 3166
5813 5404
8896 2752
8364 7798
8535 7981
7260 4415
6632 3055
5219 8682
5454 7550
8039 6231
7367 7509
5172 8669
2733 5880
2980 7118
6796 7946
49264 18054
25066 45739
37808 46860
28651 26101
43943 27000
30244 18491
9128 5138
9532 15519
18975 36055
16693 33796
22985 6687
49506 39860
25103 11806
17564 24411
15496 45800
2220 13896
1441 27977
18772 47665
10060 19791
572 47048
18174 34454
5054 20049
23856 20717
23336 9269
48156 32897
13266 9884
18247 3007
27820 31990
3214 16446
40247 41451
508 10051
19117 39168
43293 43375
32340 7608
8342 16802
28504 11816
2601 9600
15109 39766
18023 26441
8057 8887
43275 24308
8442 15661
26420 25069
5532 45387
15931 47961
17992 42420
44220 20982
17852 7144
7205 6417
20515 16691
29838 25834
36083 12047
35980 48521
47862 40864
6467 30561
34181 47191
23518 32285
5622 37217
32958 29253
5362 43981
2194 41887
30729 14840
32333 8651
39309 22738
32782 37840
46687 8709
45492 43649
44248 43670
3612 22334
10067 4260
40272 7796
1738 1165
14609 39356
8265 48393
26940 10974
8873 13191
29804 12897
46406 37244
46561 6988
28489 4351
28080 44759
25194 16104
28663 40053
44617 6632
46370 39758
3652 32575
27021 14599
21630 29316
32343 16640
47068 21352
4080 41728
46540 1885
36430 44120
40962 11855
2085 41552
8157 37348
10081 48964
13226 40711
33803 47173
5446 17484
37770 43542
49915 48162
6077 40066
49415 14706
9296 17850
42789 12506
13876 18529
21564 20655
21228 13513
41266 27059
32264 14648
907 3127
40521 24549
5504 24201
47748 37600
22191 47399
45366 13390
12146 44091
16285 18245
5380 48789
3236 46715
18381 2328
43917 36637
33377 11447
17819 41096
918 49407
35757 36660
26556 744
7418 42218
39099 45590
43434 33032
14101 24091
38468 22518
7678 10271
48917 1680
46345 16473
39023 1975
11496 31730
28938 28475
21307 37739
23655 29295
21191 15659
31054 30090
32960 41869
11985 5765
41119 38723
47108 25430
12885 42514
27549 40478
43566 18590
9036 8420
36659 38781
15436 46321
15766 30146
25665 39397
25632 3055
40360 19969
16942 49361
21075 13844
26875 22314
43192 31018
7559 15757
15088 39949
10393 46452
3197 44433
11004 35101
39522 10679
3927 16070
48051 4255
4254 47414
36868 49605
18484 6474
38817 4972
31010 19093
43777 2542
46415 23381
17564 47500
2943 38569
31034 47311
17044 38431
49920 30979
40469 35805
47818 33819
9696 45018
25067 31652
14717 40984
26547 3789
27296 1484
22036 40247
8833 13484
10624 10702
34279 4807
29846 16629
29891 37750
18285 48745
18253 18675
13341 37471
47718 38336
20175 13231
23440 1127
165011 600880
345313 844337
177309 939331
562697 723089
357369 223751
608476 810545
6647 756433
125000 385835
771352 777263
22163 484154
443124 813191
255028 628383
780244 334481
438614 978620
757290 977856
49562 18781
47483 939680
35493 435783
272739 123866
422955 454140
974698 619014
23784 755016
796253 162141
860797 933940
607997 566069
320749 750359
566770 159836
473423 173796
854283 279213
695525 174348
271551 71477
394830 564088
131420 581795
830316 214542
807140 797115
407785 350016
418775 706809
162959 912577
952522 847719
72249 483821
78754 357879
138720 158447
288375 2611
322319 55546
48279 470683
970455 877832
374168 757003
133506 230125
829563 68931
261819 403663
244362 419988
16755 847129
871367 791679
371622 205012
128463 618607
340 673611
942713 420436
116505 75164
709186 299035
923500 23941
849694 996080
784689 318570
646026 84395
590438 133499
355038 573631
926583 125310
292171 262895
795050 976863
290797 959798
980827 636460
161679 399595
870803 673217
886595 821668
853424 435675
150031 211295
983254 135358
443812 501982
481970 775883
226663 124146
313346 519095
796533 596361
689553 50825
186246 244441
636715 693983
567554 733495
688145 601982
135522 481981
545723 679431
403648 535499
193504 883116
441099 638267
781410 915779
885924 208147
213408 13216
531760 514413
639497 106310
725292 897083
726659 392428
430684 669703
525016 105659
277281 567437
737257 525626
780143 544205
677838 282870
123544 462755
951879 500152
565379 194289
177279 503904
527116 803538
863784 717977
550484 851397
923310 617691
258461 513130
586359 925225
110672 809325
897334 120913
581005 763108
357968 759309
583939 702470
848154 573629
63241 903868
152121 230151
49988 741458
630381 363105
182859 304718
447947 387672
746838 377666
268215 644967
741148 591763
454669 182280
693834 601906
50896 850803
716653 934122
45861 802405
46959 719075
605678 553158
144647 546995
650325 304004
176488 178370
4615 132599
563835 517945
684817 801736
969957 901437
768017 747973
591473 125947
388032 46731
613365 113832
242360 875339
525470 165521
478875 232713
29104 979881
872476 774831
38889 417514
159464 938223
37496 450908
768280 113488
341547 802814
557827 290735
92160 702314
415921 893494
598303 31759
32397 184628
848966 143864
673442 115628
484323 721014
492386 257693
743182 793064
628836 375929
305310 6456
56779 812819
544319 250580
401534 895577
315395 37568
940565 498749
593104 673240
147247 932227
227774 660589
441195 163394
241275 993838
792021 162930
806757 515123
914416 118944
276317 313418
328377 599036
305218 384912
195428 48058
911826 7280
932184 804728
52078 841109
582602 547112
577572 920746
636827 698629
728976 158457
222715 911314
588251 199878
674268 800405
522525 591127
959025 277115
50008 661176
624243 547004
1 999999
